0.366667 -0.076520 2.090209 0.808999 0.044690 0.038263 0.050573 0.996986
0.400000 -0.093194 2.298313 0.846510 0.043685 0.041542 0.055668 0.996628
0.433333 -0.111503 2.506159 0.873603 0.042599 0.044765 0.060768 0.996237
0.466667 -0.131446 2.713731 0.889980 0.041434 0.047928 0.065874 0.995815
0.500000 -0.153020 2.920993 0.895461 0.040190 0.051026 0.070986 0.995360
0.533333 -0.176225 3.127929 0.889987 0.038871 0.054056 0.076103 0.994874
0.566667 -0.201057 3.334522 0.873616 0.037479 0.057013 0.081227 0.994358
0.600000 -0.227511 3.540738 0.846531 0.036015 0.059893 0.086357 0.993810
0.633333 -0.255822 3.746538 0.809019 0.034483 0.062635 0.091494 0.993235
0.666667 -0.285525 3.951948 0.761503 0.032884 0.065350 0.096638 0.992627
0.700000 -0.316841 4.156913 0.704499 0.031222 0.067977 0.101787 0.991990
0.733334 -0.349769 4.361422 0.638631 0.029500 0.070513 0.106944 0.991323
0.766667 -0.384302 4.565441 0.564623 0.027719 0.072954 0.112107 0.990627
0.800000 -0.420438 4.768954 0.483284 0.025884 0.075296 0.117277 0.989902
0.833334 -0.458175 4.971943 0.395503 0.023997 0.077538 0.122453 0.989150
0.866667 -0.497505 5.174376 0.302247 0.022062 0.079676 0.127636 0.988369
0.900000 -0.538425 5.376236 0.204535 0.020082 0.081707 0.132825 0.987562
0.933334 -0.580933 5.577506 0.103434 0.018059 0.083628 0.138020 0.986727
0.966667 -0.625021 5.778153 0.000059 0.015998 0.085437 0.143220 0.985866
1.000000 -0.670685 5.978160 -0.104461 0.013902 0.087132 0.148426 0.984979
1.033330 -0.717917 6.177488 -0.208973 0.011774 0.088711 0.153637 0.984067
1.066670 -0.766729 6.376192 -0.312370 0.009617 0.090171 0.158854 0.983129
1.100000 -0.817087 6.574132 -0.413458 0.007437 0.091511 0.164074 0.982166
1.133330 -0.869000 6.771345 -0.511161 0.005235 0.092729 0.169297 0.981179
1.166670 -0.922479 6.967869 -0.604437 0.003016 0.093823 0.174526 0.980168
1.200000 -0.977486 7.163563 -0.692206 0.000783 0.094792 0.179756 0.979133
1.233330 -1.034031 7.358466 -0.773538 -0.001459 0.095636 0.184989 0.978075
1.266670 -1.092123 7.552615 -0.847561 -0.003708 0.096352 0.190225 0.976994
1.300000 -1.151722 7.745871 -0.913421 -0.005959 0.096941 0.195461 0.975890
1.333330 -1.212840 7.938273 -0.970419 -0.008209 0.097401 0.200697 0.974765
1.366670 -1.275487 8.129855 -1.017944 -0.010454 0.097732 0.205935 0.973617
1.400000 -1.339623 8.320482 -1.055447 -0.012690 0.097934 0.211171 0.972448
1.433330 -1.405256 8.510191 -1.082532 -0.014913 0.098007 0.216406 0.971257
1.466670 -1.472397 8.699017 -1.098906 -0.017120 0.097951 0.221640 0.970045
1.500000 -1.541002 8.886827 -1.104380 -0.019307 0.097765 0.226870 0.968813
1.533330 -1.611081 9.073657 -1.098900 -0.021471 0.097451 0.232097 0.967561
1.566670 -1.682650 9.259542 -1.082521 -0.023608 0.097009 0.237321 0.966287
1.600000 -1.755656 9.444349 -1.055430 -0.025713 0.096439 0.242538 0.964994
1.633330 -1.830120 9.628114 -1.017922 -0.027784 0.095744 0.247751 0.963681
1.666670 -1.906046 9.810873 -0.970392 -0.029817 0.094923 0.252958 0.962348
1.700000 -1.983385 9.992496 -0.913388 -0.031809 0.093978 0.258156 0.960995
1.733330 -2.062150 10.173017 -0.847522 -0.033756 0.092911 0.263347 0.959623
1.766670 -2.142358 10.352470 -0.773493 -0.035655 0.091723 0.268531 0.958231
1.800000 -2.223951 10.530728 -0.692156 -0.037502 0.090417 0.273704 0.956820
1.833330 -2.306951 10.707825 -0.604381 -0.039294 0.088993 0.278867 0.955390
1.866670 -2.391363 10.883795 -0.511099 -0.041030 0.087454 0.284020 0.953940
1.900000 -2.477131 11.058513 -0.413390 -0.042704 0.085802 0.289161 0.952471
1.933330 -2.564272 11.232012 -0.312296 -0.044314 0.084041 0.294289 0.950982
1.966670 -2.652803 11.404326 -0.208893 -0.045858 0.082171 0.299406 0.949474
2.000000 -2.742668 11.575330 -0.104376 -0.047333 0.080197 0.304509 0.947947
2.033330 -2.833871 11.745060 0.000141 -0.048735 0.078121 0.309597 0.946399
2.066670 -2.926435 11.913547 0.103545 -0.050063 0.075945 0.314672 0.944832
2.100000 -3.020294 12.080672 0.204639 -0.051314 0.073674 0.319730 0.943245
2.133330 -3.115467 12.246466 0.302349 -0.052486 0.071310 0.324772 0.941639
2.166670 -3.211980 12.410958 0.395630 -0.053576 0.068856 0.329800 0.940011
2.200000 -3.309749 12.574037 0.483406 -0.054581 0.066317 0.334809 0.938363
2.233330 -3.408800 12.735730 0.564744 -0.055502 0.063696 0.339801 0.936695
2.266670 -3.509151 12.896070 0.638773 -0.056335 0.060996 0.344776 0.935005
2.300000 -3.610733 13.054942 0.704639 -0.057078 0.058222 0.349732 0.933295
2.333330 -3.713563 13.212376 0.761643 -0.057731 0.055377 0.354670 0.931563
2.366670 -3.817662 13.368403 0.809174 -0.058291 0.052465 0.359590 0.929809
2.400000 -3.922964 13.522908 0.846682 -0.058757 0.049492 0.364490 0.928033
2.433330 -4.029473 13.675928 0.873774 -0.059129 0.046460 0.369371 0.926234
2.466670 -4.137217 13.827487 0.890154 -0.059405 0.043374 0.374233 0.924413
2.500000 -4.246121 13.977479 0.895634 -0.059584 0.040239 0.379075 0.922569
2.533330 -4.356203 14.125933 0.890161 -0.059665 0.037058 0.383896 0.920701
2.566670 -4.467491 14.272874 0.873787 -0.059649 0.033837 0.388700 0.918809
2.600000 -4.579896 14.418202 0.846703 -0.059534 0.030580 0.393481 0.916893
2.633330 -4.693444 14.561943 0.809201 -0.059320 0.027291 0.398243 0.914953
2.666670 -4.808160 14.704122 0.761677 -0.059007 0.023975 0.402987 0.912987
2.700000 -4.923956 14.844642 0.704680 -0.058595 0.020637 0.407709 0.910996
2.733330 -5.040857 14.983528 0.638821 -0.058085 0.017282 0.412411 0.908980
2.766670 -5.158888 15.120806 0.564798 -0.057476 0.013913 0.417095 0.906937
2.800000 -5.277961 15.256379 0.483468 -0.056770 0.010537 0.421758 0.904868
2.833330 -5.398102 15.390272 0.395698 -0.055966 0.007157 0.426402 0.902772
2.866670 -5.519331 15.522513 0.302422 -0.055066 0.003778 0.431028 0.900649
2.900000 -5.641563 15.653005 0.204719 -0.054071 0.000405 0.435634 0.898498
2.933330 -5.764821 15.781777 0.103631 -0.052981 -0.002957 0.440222 0.896320
2.966670 -5.889128 15.908849 0.000233 -0.051799 -0.006305 0.444792 0.894112
3.000000 -6.014397 16.034134 -0.104278 -0.050525 -0.009631 0.449343 0.891877
3.033330 -6.140649 16.157655 -0.208789 -0.049161 -0.012934 0.453877 0.889613
3.066670 -6.267912 16.279435 -0.312186 -0.047709 -0.016208 0.458394 0.887319
3.100000 -6.396093 16.399389 -0.413274 -0.046171 -0.019448 0.462894 0.884997
3.133330 -6.525217 16.517538 -0.510977 -0.044548 -0.022650 0.467377 0.882645
3.166670 -6.655308 16.633906 -0.604251 -0.042843 -0.025810 0.471845 0.880262
3.200000 -6.786277 16.748408 -0.692020 -0.041059 -0.028924 0.476296 0.877850
3.233330 -6.918145 16.861068 -0.773351 -0.039197 -0.031986 0.480732 0.875407
3.266660 -7.050899 16.971874 -0.847353 -0.037261 -0.034994 0.485153 0.872934
3.300000 -7.184564 17.080846 -0.913233 -0.035252 -0.037944 0.489562 0.870429
3.333330 -7.319046 17.187906 -0.970230 -0.033175 -0.040830 0.493955 0.867895
3.366660 -7.454370 17.293075 -1.017742 -0.031032 -0.043650 0.498335 0.865329
3.400000 -7.590562 17.396374 -1.055256 -0.028824 -0.046400 0.502703 0.862732
3.433330 -7.727526 17.497728 -1.082340 -0.026558 -0.049075 0.507057 0.860104
3.466660 -7.865286 17.597158 -1.098710 -0.024235 -0.051673 0.511400 0.857446
3.500000 -8.003870 17.694681 -1.104187 -0.021858 -0.054191 0.515732 0.854755
3.533330 -8.143179 17.790229 -1.098706 -0.019431 -0.056624 0.520051 0.852035
3.566660 -8.283240 17.883821 -1.082332 -0.016959 -0.058970 0.524360 0.849283
3.600000 -8.424078 17.975473 -1.055234 -0.014443 -0.061226 0.528660 0.846500
3.633330 -8.565596 18.065121 -1.017725 -0.011890 -0.063389 0.532948 0.843687
3.666660 -8.707819 18.152782 -0.970209 -0.009301 -0.065456 0.537227 0.840843
3.700000 -8.850774 18.238473 -0.913189 -0.006680 -0.067425 0.541497 0.837968
3.733330 -8.994359 18.322132 -0.847322 -0.004033 -0.069293 0.545758 0.835063
3.766660 -9.138604 18.403777 -0.773315 -0.001362 -0.071058 0.550009 0.832129
3.800000 -9.283534 18.483421 -0.691954 0.001328 -0.072718 0.554254 0.829164
3.833330 -9.429047 18.561009 -0.604177 0.004033 -0.074271 0.558488 0.826171
3.866660 -9.575171 18.636556 -0.510923 0.006749 -0.075716 0.562715 0.823148
3.900000 -9.721934 18.710075 -0.413184 0.009473 -0.077050 0.566935 0.820096
3.933330 -9.869231 18.781515 -0.312089 0.012199 -0.078272 0.571147 0.817017
3.966660 -10.017090 18.850890 -0.208717 0.014923 -0.079381 0.575350 0.813909
4.000000 -10.165540 18.918212 -0.104168 0.017643 -0.080375 0.579548 0.810773
4.033330 -10.314475 18.983434 0.000350 0.020352 -0.081254 0.583736 0.807611
4.066660 -10.463924 19.046569 0.103723 0.023048 -0.082017 0.587917 0.804422
4.100000 -10.613915 19.107627 0.204848 0.025726 -0.082664 0.592092 0.801206
4.133330 -10.764342 19.166566 0.302558 0.028382 -0.083193 0.596258 0.797966
4.166660 -10.915233 19.223398 0.395813 0.031011 -0.083605 0.600417 0.794700
4.200000 -11.066617 19.278134 0.483617 0.033610 -0.083899 0.604569 0.791408
4.233330 -11.218387 19.330733 0.564955 0.036175 -0.084075 0.608712 0.788094
4.266660 -11.370572 19.381206 0.638965 0.038701 -0.084134 0.612847 0.784756
4.300000 -11.523200 19.429563 0.704852 0.041185 -0.084075 0.616975 0.781394
4.333330 -11.676164 19.475769 0.761857 0.043623 -0.083901 0.621093 0.778011
4.366660 -11.829492 19.519833 0.809376 0.046011 -0.083610 0.625203 0.774606
4.400000 -11.983214 19.561765 0.846898 0.048345 -0.083204 0.629305 0.771178
4.433330 -12.137220 19.601535 0.873990 0.050622 -0.082685 0.633396 0.767731
4.466660 -12.291540 19.639148 0.890367 0.052837 -0.082052 0.637477 0.764264
4.500000 -12.446203 19.674613 0.895851 0.054988 -0.081308 0.641549 0.760776
4.533330 -12.601100 19.707904 0.890378 0.057070 -0.080454 0.645609 0.757271
4.566660 -12.756261 19.739028 0.874011 0.059081 -0.079491 0.649658 0.753747
4.600000 -12.911713 19.767990 0.846920 0.061018 -0.078422 0.653697 0.750205
4.633330 -13.067348 19.794773 0.809419 0.062876 -0.077248 0.657722 0.746646
4.666660 -13.223194 19.819379 0.761910 0.064653 -0.075972 0.661735 0.743071
4.700000 -13.379282 19.841812 0.704897 0.066347 -0.074595 0.665736 0.739479
4.733330 -13.535501 19.862057 0.639038 0.067953 -0.073120 0.669722 0.735872
4.766660 -13.691880 19.880118 0.565039 0.069470 -0.071550 0.673694 0.732250
4.800000 -13.848449 19.896002 0.483684 0.070895 -0.069886 0.677653 0.728613
4.833330 -14.005097 19.909692 0.395915 0.072226 -0.068132 0.681595 0.724962
4.866660 -14.161854 19.921194 0.302669 0.073459 -0.066292 0.685520 0.721298
4.900000 -14.318750 19.930507 0.204938 0.074594 -0.064366 0.689430 0.717620
4.933330 -14.475674 19.937626 0.103850 0.075627 -0.062360 0.693322 0.713930
4.966660 -14.633099 19.942985 0.000313 0.076549 -0.060277 0.697198 0.710227
5.000000 -14.790179 19.945727 -0.104231 0.077374 -0.058117 0.701054 0.706512
5.033330 -14.947235 19.946276 -0.208745 0.078093 -0.055887 0.704891 0.702785
5.066660 -15.104296 19.944631 -0.312114 0.078704 -0.053589 0.708707 0.699048
5.100000 -15.261393 19.940793 -0.413235 0.079206 -0.051226 0.712505 0.695298
5.133330 -15.418415 19.934763 -0.510941 0.079597 -0.048803 0.716280 0.691539
5.166660 -15.575390 19.926543 -0.604192 0.079876 -0.046324 0.720034 0.687769
5.200000 -15.732349 19.916128 -0.691991 0.080043 -0.043791 0.723766 0.683987
5.233330 -15.889181 19.903526 -0.773325 0.080097 -0.041209 0.727475 0.680196
5.266660 -16.045915 19.888737 -0.847330 0.080037 -0.038583 0.731161 0.676395
5.300000 -16.202581 19.871756 -0.913213 0.079863 -0.035915 0.734823 0.672582
5.333330 -16.359069 19.852596 -0.970213 0.079575 -0.033211 0.738461 0.668761
5.366660 -16.515407 19.831253 -1.017727 0.079172 -0.030474 0.742073 0.664929
5.400000 -16.671626 19.807723 -1.055245 0.078655 -0.027708 0.745661 0.661086
5.433330 -16.827615 19.782023 -1.082332 0.078024 -0.024918 0.749222 0.657235
5.466660 -16.983403 19.754147 -1.098705 0.077279 -0.022108 0.752757 0.653373
5.500000 -17.139020 19.724091 -1.104185 0.076421 -0.019282 0.756266 0.649500
5.533330 -17.294356 19.691876 -1.098707 0.075452 -0.016444 0.759747 0.645617
5.566660 -17.449440 19.657495 -1.082336 0.074370 -0.013599 0.763200 0.641724
5.600000 -17.604302 19.620943 -1.055241 0.073178 -0.010751 0.766627 0.637819
5.633330 -17.758832 19.582245 -1.017735 0.071878 -0.007904 0.770024 0.633904
5.666660 -17.913059 19.541394 -0.970222 0.070470 -0.005062 0.773393 0.629978
5.700000 -18.067014 19.498381 -0.913205 0.068955 -0.002230 0.776734 0.626039
5.733330 -18.220585 19.453238 -0.847342 0.067336 0.000588 0.780045 0.622089
5.766660 -18.373803 19.405957 -0.773339 0.065615 0.003388 0.783327 0.618128
5.800000 -18.526698 19.356527 -0.691981 0.063794 0.006166 0.786580 0.614153
5.833330 -18.679159 19.304983 -0.604207 0.061874 0.008917 0.789803 0.610166
5.866660 -18.831217 19.251318 -0.510957 0.059859 0.011639 0.792997 0.606166
5.900000 -18.982901 19.195519 -0.413222 0.057750 0.014326 0.796162 0.602151
5.933330 -19.134102 19.137626 -0.312130 0.055550 0.016975 0.799296 0.598124
5.966660 -19.284850 19.077628 -0.208760 0.053263 0.019581 0.802400 0.594082
6.000000 -19.435173 19.015515 -0.104214 0.050890 0.022143 0.805476 0.590024
6.033330 -19.584965 18.951330 0.000301 0.048436 0.024654 0.808521 0.585953
6.066660 -19.734254 18.885061 0.103671 0.045903 0.027112 0.811536 0.581865
6.100000 -19.883069 18.816695 0.204793 0.043294 0.029514 0.814523 0.577760
6.133330 -20.031303 18.746280 0.302500 0.040613 0.031856 0.817479 0.573640
6.166660 -20.178986 18.673804 0.395752 0.037864 0.034135 0.820407 0.569503
6.200000 -20.326145 18.599252 0.483553 0.035049 0.036347 0.823306 0.565348
6.233330 -20.472675 18.522678 0.564888 0.032174 0.038489 0.826175 0.561176
6.266660 -20.618606 18.444066 0.638893 0.029242 0.040559 0.829016 0.556985
6.300000 -20.763964 18.363403 0.704777 0.026256 0.042554 0.831829 0.552775
6.333330 -20.908646 18.280744 0.761779 0.023222 0.044470 0.834614 0.548546
6.366660 -21.052681 18.196074 0.809294 0.020142 0.046306 0.837370 0.544299
6.400000 -21.196095 18.109378 0.846813 0.017020 0.048060 0.840100 0.540030
6.433330 -21.338786 18.020717 0.873902 0.013863 0.049727 0.842802 0.535742
6.466660 -21.480782 17.930074 0.890276 0.010674 0.051307 0.845477 0.531434
6.500000 -21.622111 17.837432 0.895757 0.007456 0.052797 0.848126 0.527104
6.533330 -21.762670 17.742855 0.890281 0.004215 0.054196 0.850749 0.522754
6.566660 -21.902488 17.646327 0.873911 0.000956 0.055502 0.853345 0.518382
6.600000 -22.041591 17.547829 0.846817 -0.002319 0.056714 0.855917 0.513988
6.633330 -22.179880 17.447431 0.809313 -0.005602 0.057829 0.858464 0.509573
6.666660 -22.317382 17.345114 0.761801 -0.008891 0.058847 0.860985 0.505136
6.700000 -22.454122 17.240858 0.704785 -0.012181 0.059766 0.863483 0.500676
6.733330 -22.590004 17.134736 0.638924 -0.015466 0.060586 0.865957 0.496195
6.766660 -22.725054 17.026731 0.564921 -0.018743 0.061306 0.868407 0.491691
6.799990 -22.859257 16.916853 0.483590 -0.022006 0.061925 0.870833 0.487165
6.833330 -22.992637 16.805080 0.395792 -0.025252 0.062443 0.873238 0.482616
6.866660 -23.125102 16.691493 0.302543 -0.028475 0.062859 0.875620 0.478046
6.899990 -23.256675 16.576069 0.204838 -0.031670 0.063174 0.877980 0.473453
6.933330 -23.387382 16.458787 0.103718 -0.034835 0.063387 0.880319 0.468837
6.966660 -23.517132 16.339732 0.000350 -0.037962 0.063499 0.882635 0.464200
6.999990 -23.645946 16.218878 -0.104163 -0.041049 0.063509 0.884931 0.459541
7.033330 -23.773851 16.096202 -0.208708 -0.044091 0.063419 0.887207 0.454859
7.066660 -23.900755 15.971793 -0.312077 -0.047083 0.063228 0.889462 0.450158
7.099990 -24.026684 15.845627 -0.413168 -0.050022 0.062939 0.891698 0.445435
7.133330 -24.151659 15.717680 -0.510903 -0.052903 0.062550 0.893913 0.440690
7.166660 -24.275594 15.588041 -0.604153 -0.055722 0.062065 0.896109 0.435926
7.199990 -24.398513 15.456689 -0.691927 -0.058474 0.061484 0.898286 0.431142
7.233330 -24.520437 15.323596 -0.773286 -0.061157 0.060808 0.900444 0.426336
7.266660 -24.641280 15.188857 -0.847291 -0.063765 0.060039 0.902583 0.421514
7.299990 -24.761067 15.052446 -0.913155 -0.066295 0.059178 0.904703 0.416672
7.333330 -24.879818 14.914338 -0.970174 -0.068744 0.058228 0.906805 0.411811
7.366660 -24.997450 14.774631 -1.017689 -0.071108 0.057190 0.908888 0.406934
7.399990 -25.113986 14.633297 -1.055196 -0.073383 0.056066 0.910953 0.402039
7.433330 -25.229450 14.490313 -1.082293 -0.075566 0.054858 0.913001 0.397127
7.466660 -25.343756 14.345775 -1.098666 -0.077654 0.053569 0.915029 0.392201
7.499990 -25.456927 14.199659 -1.104146 -0.079644 0.052201 0.917040 0.387259
7.533330 -25.568985 14.051936 -1.098668 -0.081533 0.050756 0.919033 0.382301
7.566660 -25.679851 13.902710 -1.082297 -0.083318 0.049238 0.921008 0.377331
7.599990 -25.789545 13.751955 -1.055212 -0.084996 0.047649 0.922964 0.372347
7.633330 -25.898090 13.599640 -1.017696 -0.086565 0.045991 0.924903 0.367350
7.666660 -26.005411 13.445879 -0.970183 -0.088022 0.044268 0.926823 0.362343
7.699990 -26.111521 13.290634 -0.913184 -0.089366 0.042483 0.928724 0.357324
7.733330 -26.216444 13.133879 -0.847302 -0.090594 0.040638 0.930608 0.352294
7.766660 -26.320107 12.975725 -0.773299 -0.091704 0.038737 0.932472 0.347255
7.799990 -26.422531 12.816146 -0.691966 -0.092694 0.036784 0.934317 0.342208
7.833330 -26.523730 12.655105 -0.604167 -0.093563 0.034781 0.936144 0.337151
7.866660 -26.623636 12.492719 -0.510916 -0.094310 0.032732 0.937951 0.332088
7.899990 -26.722265 12.328957 -0.413210 -0.094933 0.030640 0.939738 0.327018
7.933330 -26.819643 12.163791 -0.312089 -0.095432 0.028509 0.941506 0.321941
7.966660 -26.915693 11.997332 -0.208720 -0.095804 0.026343 0.943253 0.316861
7.999990 -27.010435 11.829552 -0.104205 -0.096050 0.024145 0.944980 0.311775
8.033330 -27.103893 11.660422 0.000341 -0.096169 0.021918 0.946687 0.306684
8.066660 -27.195992 11.490055 0.103710 -0.096160 0.019667 0.948372 0.301592
8.099990 -27.286752 11.318422 0.204803 -0.096024 0.017395 0.950035 0.296497
8.133330 -27.376197 11.145493 0.302540 -0.095759 0.015106 0.951677 0.291398
8.166660 -27.464255 10.971386 0.395792 -0.095367 0.012804 0.953296 0.286299
8.200000 -27.550971 10.796017 0.483593 -0.094848 0.010491 0.954893 0.281199
8.233330 -27.636285 10.619512 0.564928 -0.094202 0.008174 0.956467 0.276099
8.266660 -27.720217 10.441838 0.638934 -0.093430 0.005855 0.958017 0.271000
8.300000 -27.802776 10.262958 0.704819 -0.092532 0.003538 0.959543 0.265899
8.333330 -27.883906 10.083001 0.761820 -0.091510 0.001226 0.961045 0.260802
8.366660 -27.963623 9.901931 0.809336 -0.090365 -0.001075 0.962521 0.255706
8.400000 -28.041942 9.719716 0.846854 -0.089098 -0.003365 0.963973 0.250610
8.433330 -28.118809 9.536485 0.873943 -0.087711 -0.005636 0.965399 0.245518
8.466670 -28.194259 9.352146 0.890320 -0.086205 -0.007887 0.966799 0.240427
8.500000 -28.268238 9.166832 0.895797 -0.084582 -0.010113 0.968173 0.235341
8.533330 -28.340763 8.980506 0.890321 -0.082845 -0.012311 0.969519 0.230258
8.566670 -28.411846 8.793133 0.873944 -0.080995 -0.014478 0.970838 0.225176
8.600000 -28.481439 8.604848 0.846857 -0.079035 -0.016610 0.972128 0.220100
8.633340 -28.549573 8.415556 0.809339 -0.076967 -0.018703 0.973391 0.215026
8.666670 -28.616200 8.225392 0.761824 -0.074794 -0.020753 0.974625 0.209956
8.700000 -28.681337 8.034321 0.704823 -0.072519 -0.022758 0.975829 0.204891
8.733340 -28.744990 7.842306 0.638940 -0.070144 -0.024715 0.977005 0.199828
8.766670 -28.807118 7.649483 0.564935 -0.067674 -0.026619 0.978149 0.194770
8.800000 -28.867731 7.455814 0.483601 -0.065110 -0.028468 0.979264 0.189715
8.833340 -28.926842 7.261265 0.395802 -0.062456 -0.030260 0.980348 0.184663
8.866670 -28.984407 7.065971 0.302551 -0.059717 -0.031991 0.981401 0.179616
8.900010 -29.040456 6.869839 0.204816 -0.056895 -0.033658 0.982423 0.174570
8.933340 -29.094948 6.673006 0.103724 -0.053994 -0.035258 0.983413 0.169528
8.966670 -29.147895 6.475436 0.000355 -0.051018 -0.036790 0.984371 0.164490
9.000010 -29.199305 6.277090 -0.104190 -0.047970 -0.038250 0.985297 0.159452
9.033340 -29.249144 6.078110 -0.208703 -0.044857 -0.039636 0.986191 0.154419
9.066670 -29.297419 5.878458 -0.312071 -0.041680 -0.040946 0.987051 0.149387
9.100010 -29.344142 5.678095 -0.413192 -0.038444 -0.042178 0.987879 0.144355
9.133340 -29.389276 5.477165 -0.510897 -0.035154 -0.043330 0.988673 0.139326
9.166680 -29.432846 5.275567 -0.604173 -0.031814 -0.044400 0.989435 0.134296
9.200010 -29.474820 5.073446 -0.691944 -0.028430 -0.045385 0.990163 0.129267
9.233340 -29.515207 4.870763 -0.773275 -0.025004 -0.046286 0.990857 0.124239
9.266680 -29.554014 4.667479 -0.847298 -0.021541 -0.047101 0.991517 0.119209
9.300010 -29.591214 4.463739 -0.913158 -0.018048 -0.047827 0.992144 0.114179
9.333340 -29.626813 4.259504 -0.970155 -0.014528 -0.048464 0.992737 0.109148
9.366680 -29.660819 4.054735 -1.017679 -0.010985 -0.049012 0.993296 0.104113
9.400010 -29.693207 3.849577 -1.055180 -0.007426 -0.049468 0.993822 0.099078
9.433350 -29.723993 3.643929 -1.082271 -0.003854 -0.049833 0.994313 0.094038
9.466680 -29.753156 3.437938 -1.098637 -0.000274 -0.050106 0.994771 0.088996
9.500010 -29.780700 3.231565 -1.104110 0.003308 -0.050287 0.995195 0.083950
9.533350 -29.806632 3.024769 -1.098626 0.006888 -0.050375 0.995585 0.078898
9.566680 -29.830932 2.817698 -1.082248 0.010461 -0.050371 0.995942 0.073844
9.600010 -29.853607 2.610313 -1.055156 0.014022 -0.050275 0.996265 0.068784
9.633350 -29.874659 2.402574 -1.017635 0.017567 -0.050086 0.996556 0.063717
9.666680 -29.894074 2.194628 -0.970116 0.021090 -0.049805 0.996813 0.058645
9.700020 -29.911861 1.986373 -0.913093 0.024587 -0.049434 0.997037 0.053565
9.733350 -29.928007 1.777957 -0.847225 0.028052 -0.048972 0.997228 0.048480
9.766680 -29.942517 1.569341 -0.773217 0.031482 -0.048420 0.997388 0.043388
9.800020 -29.955392 1.360484 -0.691854 0.034872 -0.047780 0.997514 0.038286
9.833350 -29.966623 1.151535 -0.604077 0.038216 -0.047053 0.997609 0.033178
9.866680 -29.976213 0.942454 -0.510824 0.041511 -0.046240 0.997673 0.028062
9.900020 -29.984164 0.733202 -0.413085 0.044752 -0.045343 0.997705 0.022936
9.933350 -29.990469 0.523926 -0.311992 0.047935 -0.044362 0.997706 0.017803
9.966690 -29.995131 0.314525 -0.208590 0.051055 -0.043301 0.997676 0.012659
10.000000 -29.998146 0.105271 -0.104137 0.054105 -0.042161 0.997616 0.007512
10.033400 -29.999522 -0.104564 0.000597 0.057094 -0.040940 0.997526 0.002340
10.066700 -29.999249 -0.313766 0.103872 0.059997 -0.039649 0.997407 -0.002825
10.100000 -29.997332 -0.522940 0.204873 0.062821 -0.038284 0.997258 -0.007999
10.133400 -29.993765 -0.732689 0.302783 0.065572 -0.036845 0.997080 -0.013198
10.166700 -29.988562 -0.941736 0.395946 0.068228 -0.035343 0.996874 -0.018391
10.200000 -29.981718 -1.150685 0.483640 0.070793 -0.033774 0.996640 -0.023592
10.233400 -29.973209 -1.360141 0.565142 0.073273 -0.032139 0.996377 -0.028820
10.266700 -29.963083 -1.568826 0.639073 0.075648 -0.030449 0.996088 -0.034040
10.300000 -29.951319 -1.777346 0.704877 0.077924 -0.028701 0.995772 -0.039268
10.333400 -29.937877 -1.986302 0.761993 0.080103 -0.026895 0.995429 -0.044522
10.366700 -29.922837 -2.194420 0.809454 0.082169 -0.025043 0.995060 -0.049768
10.400000 -29.906164 -2.402304 0.846926 0.084128 -0.023142 0.994666 -0.055021
10.433400 -29.887802 -2.610553 0.874065 0.085980 -0.021193 0.994245 -0.060299
10.466700 -29.867864 -2.817899 0.890411 0.087713 -0.019208 0.993800 -0.065568
10.500000 -29.846297 -3.024942 0.895883 0.089331 -0.017183 0.993331 -0.070843
10.533400 -29.823035 -3.232280 0.890388 0.090834 -0.015120 0.992836 -0.076141
10.566700 -29.798217 -3.438648 0.874020 0.092213 -0.013032 0.992319 -0.081430
10.600000 -29.771780 -3.644646 0.846957 0.093472 -0.010914 0.991778 -0.086722
10.633400 -29.743639 -3.850867 0.809366 0.094608 -0.008768 0.991212 -0.092038
10.666700 -29.713967 -4.056055 0.761886 0.095617 -0.006609 0.990625 -0.097341
10.700000 -29.682684 -4.260804 0.704937 0.096502 -0.004431 0.990016 -0.102647
10.733400 -29.649695 -4.465706 0.638931 0.097258 -0.002235 0.989382 -0.107973
10.766700 -29.615197 -4.669510 0.564987 0.097885 -0.000036 0.988729 -0.113286
10.800000 -29.579100 -4.872809 0.483727 0.098387 0.002170 0.988053 -0.118599
10.833400 -29.541293 -5.076188 0.395768 0.098755 0.004383 0.987355 -0.123931
10.866700 -29.502003 -5.278407 0.302598 0.098994 0.006587 0.986637 -0.129247
10.900000 -29.461128 -5.480055 0.204982 0.099105 0.008788 0.985898 -0.134563
10.933400 -29.418540 -5.681711 0.103680 0.099081 0.010983 0.985135 -0.139894
10.966700 -29.374500 -5.882146 0.000406 0.098931 0.013161 0.984355 -0.145207
11.000000 -29.328885 -6.081944 -0.104010 0.098653 0.015324 0.983553 -0.150517
11.033400 -29.281558 -6.281678 -0.208738 0.098240 0.017470 0.982730 -0.155840
11.066700 -29.232805 -6.480130 -0.312007 0.097701 0.019587 0.981888 -0.161144
11.100000 -29.182495 -6.677879 -0.413001 0.097037 0.021678 0.981025 -0.166442
11.133400 -29.130480 -6.875494 -0.510903 0.096240 0.023741 0.980140 -0.171752
11.166700 -29.077068 -7.071769 -0.604056 0.095321 0.025765 0.979238 -0.177040
11.200000 -29.022116 -7.267276 -0.691742 0.094280 0.027752 0.978315 -0.182320
11.233400 -28.965458 -7.462576 -0.773233 0.093111 0.029702 0.977370 -0.187608
11.266700 -28.907437 -7.656479 -0.847152 0.091824 0.031602 0.976407 -0.192872
11.300000 -28.847894 -7.849549 -0.912946 0.090420 0.033455 0.975423 -0.198127
11.333400 -28.786652 -8.042342 -0.970050 0.088893 0.035262 0.974417 -0.203388
11.366700 -28.724080 -8.233682 -1.017498 0.087256 0.037008 0.973393 -0.208622
11.400000 -28.660006 -8.424126 -1.054958 0.085506 0.038698 0.972348 -0.213845
11.433400 -28.594238 -8.614221 -1.082084 0.083641 0.040332 0.971280 -0.219073
11.466700 -28.527177 -8.802808 -1.098418 0.081675 0.041898 0.970194 -0.224272
11.500000 -28.458638 -8.990438 -1.103877 0.079603 0.043398 0.969087 -0.229458
11.533400 -28.388411 -9.177648 -1.098370 0.077424 0.044834 0.967955 -0.234647
11.566700 -28.316928 -9.363297 -1.081989 0.075153 0.046194 0.966805 -0.239805
11.600000 -28.243984 -9.547926 -1.054914 0.072784 0.047480 0.965634 -0.244949
11.633400 -28.169369 -9.732067 -1.017312 0.070319 0.048695 0.964436 -0.250094
11.666700 -28.093534 -9.914595 -0.969820 0.067772 0.049826 0.963220 -0.255207
11.700000 -28.016262 -10.096042 -0.912859 0.065137 0.050877 0.961982 -0.260305
11.733400 -27.937331 -10.276931 -0.846843 0.062417 0.051849 0.960717 -0.265402
11.766700 -27.857222 -10.456159 -0.772889 0.059627 0.052733 0.959432 -0.270469
11.800000 -27.775703 -10.634248 -0.691619 0.056759 0.053530 0.958125 -0.275517
11.833400 -27.692535 -10.811708 -0.603651 0.053819 0.054243 0.956789 -0.280564
11.866700 -27.608224 -10.987456 -0.510473 0.050819 0.054862 0.955434 -0.285577
11.900000 -27.522491 -11.162250 -0.412868 0.047757 0.055387 0.954054 -0.290574
11.933400 -27.435165 -11.336114 -0.311561 0.044633 0.055827 0.952644 -0.295569
11.966700 -27.346737 -11.508220 -0.208282 0.041464 0.056171 0.951213 -0.300531
12.000000 -27.256955 -11.679072 -0.103862 0.038244 0.056420 0.949757 -0.305475
12.033400 -27.165558 -11.849158 0.000868 0.034975 0.056576 0.948271 -0.310416
12.066700 -27.073100 -12.017442 0.104139 0.031674 0.056635 0.946763 -0.315325
12.100000 -26.979317 -12.184415 0.205135 0.028335 0.056595 0.945228 -0.320216
12.133400 -26.883942 -12.350558 0.303037 0.024961 0.056463 0.943661 -0.325105
12.166700 -26.787548 -12.514855 0.396191 0.021572 0.056233 0.942071 -0.329961
12.200000 -26.689864 -12.677788 0.483875 0.018159 0.055905 0.940454 -0.334801
12.233400 -26.590603 -12.839823 0.565366 0.014725 0.055481 0.938803 -0.339637
12.266700 -26.490366 -12.999970 0.639283 0.011287 0.054961 0.937129 -0.344442
12.300100 -26.388566 -13.159174 0.705258 0.007834 0.054344 0.935421 -0.349245
12.333400 -26.285821 -13.316465 0.762175 0.004390 0.053633 0.933689 -0.354018
12.366700 -26.181839 -13.472303 0.809621 0.000944 0.052826 0.931928 -0.358775
12.400100 -26.076318 -13.627135 0.847174 -0.002498 0.051925 0.930131 -0.363530
12.433400 -25.969898 -13.780015 0.874199 -0.005919 0.050933 0.928310 -0.368255
12.466700 -25.862276 -13.931391 0.890529 -0.009325 0.049849 0.926458 -0.372967
12.500100 -25.753138 -14.081697 0.895984 -0.012716 0.048673 0.924570 -0.377678
12.533400 -25.643147 -14.230015 0.890473 -0.016070 0.047412 0.922656 -0.382361
12.566700 -25.531991 -14.376781 0.874088 -0.019396 0.046063 0.920711 -0.387030
12.600100 -25.419345 -14.522414 0.846911 -0.022693 0.044626 0.918730 -0.391700
12.633400 -25.305894 -14.666024 0.809403 -0.025941 0.043109 0.916723 -0.396344
12.666700 -25.191313 -14.808035 0.761908 -0.029145 0.041512 0.914683 -0.400976
12.700100 -25.075270 -14.948850 0.704760 -0.032309 0.039831 0.912607 -0.405609
12.733400 -24.958470 -15.087611 0.638926 -0.035410 0.038079 0.910504 -0.410217
12.766700 -24.840579 -15.224727 0.564970 -0.038455 0.036253 0.908370 -0.414815
12.800100 -24.721253 -15.360586 0.483445 -0.041446 0.034350 0.906197 -0.419415
12.833400 -24.601219 -15.494360 0.395731 -0.044363 0.032384 0.903999 -0.423992
12.866700 -24.480135 -15.626446 0.302554 -0.047211 0.030354 0.901769 -0.428558
12.900100 -24.357642 -15.757213 0.204632 -0.049993 0.028254 0.899501 -0.433129
12.933400 -24.234489 -15.885867 0.103624 -0.052692 0.026101 0.897207 -0.437679
12.966700 -24.110326 -16.012788 0.000347 -0.055310 0.023892 0.894880 -0.442221
13.000100 -23.984788 -16.138336 -0.104385 -0.057853 0.021623 0.892516 -0.446767
13.033400 -23.858642 -16.261745 -0.208800 -0.060301 0.019311 0.890126 -0.451293
13.066700 -23.731526 -16.383379 -0.312072 -0.062660 0.016954 0.887705 -0.455813
13.100100 -23.603069 -16.503584 -0.413370 -0.064933 0.014547 0.885246 -0.460338
13.133400 -23.474052 -16.621625 -0.510979 -0.067104 0.012107 0.882763 -0.464844
13.166700 -23.344108 -16.737854 -0.604141 -0.069176 0.009632 0.880249 -0.469344
13.200100 -23.212858 -16.852598 -0.692091 -0.071152 0.007119 0.877697 -0.473851
13.233400 -23.081101 -16.965157 -0.773340 -0.073019 0.004586 0.875122 -0.478339
13.266700 -22.948459 -17.075865 -0.847272 -0.074781 0.002028 0.872517 -0.482822
13.300100 -22.814545 -17.185035 -0.913264 -0.076440 -0.000556 0.869876 -0.487312
13.333400 -22.680175 -17.292000 -0.970199 -0.077984 -0.003149 0.867213 -0.491783
13.366700 -22.544964 -17.397077 -1.017664 -0.079417 -0.005755 0.864520 -0.496251
13.400100 -22.408514 -17.500560 -1.055237 0.080741 0.008375 -0.861791 0.500727
13.433400 -22.271666 -17.601827 -1.082283 0.081946 0.010992 -0.859043 0.505183
13.466700 -22.134022 -17.701172 -1.098634 0.083036 0.013609 -0.856266 0.509635
13.500100 -21.995180 -17.798877 -1.104111 0.084010 0.016228 -0.853455 0.514095
13.533400 -21.855987 -17.894344 -1.098621 0.084864 0.018831 -0.850625 0.518536
13.566700 -21.716045 -17.987860 -1.082258 0.085598 0.021422 -0.847770 0.522972
13.600100 -21.574943 -18.079683 -1.055103 0.086215 0.024003 -0.844881 0.527416
13.633400 -21.433540 -18.169254 -1.017616 0.086710 0.026556 -0.841974 0.531842
13.666700 -21.291432 -18.256839 -0.970140 0.087087 0.029087 -0.839043 0.536262
13.700100 -21.148205 -18.342688 -0.913009 0.087342 0.031595 -0.836079 0.540689
13.733400 -21.004736 -18.426278 -0.847192 0.087477 0.034062 -0.833101 0.545096
13.766700 -20.860607 -18.507854 -0.773249 0.087493 0.036495 -0.830099 0.549498
13.800100 -20.715403 -18.587648 -0.691737 0.087387 0.038893 -0.827067 0.553905
13.833400 -20.570009 -18.665175 -0.604033 0.087162 0.041239 -0.824022 0.558292
13.866700 -20.424001 -18.740659 -0.510863 0.086821 0.043540 -0.820955 0.562672
13.900100 -20.276962 -18.814320 -0.412946 0.086359 0.045793 -0.817859 0.567056
13.933400 -20.129785 -18.885705 -0.311941 0.085782 0.047985 -0.814752 0.571418
13.966700 -19.982042 -18.955024 -0.208664 0.085091 0.050120 -0.811624 0.575773
14.000100 -19.833311 -19.022477 -0.103929 0.084282 0.052197 -0.808468 0.580130
14.033400 -19.684497 -19.087652 0.000491 0.083363 0.054201 -0.805304 0.584464
14.066700 -19.535167 -19.150738 0.103766 0.082336 0.056140 -0.802121 0.588788
14.100100 -19.384892 -19.211919 0.205067 0.081193 0.058009 -0.798911 0.593113
14.133400 -19.234587 -19.270816 0.302678 0.079948 0.059797 -0.795694 0.597414
14.166700 -19.083816 -19.327607 0.395842 0.078599 0.061509 -0.792460 0.601703
14.200100 -18.932145 -19.382453 0.483792 0.077142 0.063143 -0.789201 0.605990
14.233400 -18.780496 -19.435013 0.565041 0.075589 0.064688 -0.785936 0.610251
14.266700 -18.628432 -19.485450 0.638973 0.073940 0.066149 -0.782654 0.614499
14.300100 -18.475513 -19.533904 0.704964 0.072190 0.067522 -0.779349 0.618744
14.333400 -18.322670 -19.580075 0.761897 0.070353 0.068800 -0.776039 0.622961
14.366700 -18.169463 -19.624110 0.809360 0.068427 0.069985 -0.772714 0.627163
14.400100 -18.015449 -19.666126 0.846932 0.066409 0.071076 -0.769366 0.631359
14.433400 -17.861565 -19.705866 0.873976 0.064313 0.072066 -0.766014 0.635525
14.466700 -17.707367 -19.743454 0.890325 0.062138 0.072956 -0.762649 0.639675
14.500100 -17.552409 -19.778991 0.895799 0.059880 0.073747 -0.759260 0.643816
14.533400 -17.397635 -19.812260 0.890307 0.057557 0.074431 -0.755870 0.647926
14.566700 -17.242599 -19.843366 0.873941 0.055163 0.075011 -0.752465 0.652017
14.600100 -17.086850 -19.872390 0.846783 0.052698 0.075487 -0.749039 0.656098
14.633400 -16.931339 -19.899154 0.809293 0.050177 0.075853 -0.745611 0.660147
14.666700 -16.775617 -19.923746 0.761814 0.047598 0.076110 -0.742169 0.664173
14.700100 -16.619232 -19.946227 0.704683 0.044959 0.076260 -0.738706 0.668189
14.733400 -16.463137 -19.966459 0.638864 0.042277 0.076299 -0.735241 0.672170
14.766800 -16.306412 -19.984562 0.564688 0.039542 0.076228 -0.731753 0.676139
14.800100 -16.150014 -20.000426 0.483409 0.036772 0.076045 -0.728263 0.680072
14.833400 -15.993489 -20.014108 0.395706 0.033963 0.075749 -0.724760 0.683982
14.866800 -15.836385 -20.025635 0.302250 0.031114 0.075344 -0.721235 0.687877
14.900100 -15.679660 -20.034938 0.204624 0.028245 0.074828 -0.717708 0.691736
14.933400 -15.522860 -20.042056 0.103622 0.025347 0.074198 -0.714168 0.695569
14.966800 -15.365532 -20.046996 0.000036 0.022424 0.073459 -0.710604 0.699387
15.000100 -15.208635 -20.049730 -0.104382 0.019493 0.072612 -0.707039 0.703167
15.033400 -15.051715 -20.050275 -0.208796 0.016548 0.071653 -0.703459 0.706921
15.066800 -14.894318 -20.048623 -0.312372 0.013589 0.070586 -0.699856 0.710658
15.100100 -14.737404 -20.044784 -0.413358 0.010634 0.069413 -0.696250 0.714357
15.133400 -14.580518 -20.038756 -0.510963 0.007678 0.068131 -0.692628 0.718029
15.166800 -14.423208 -20.030514 -0.604390 0.004723 0.066745 -0.688983 0.721683
15.200100 -14.266431 -20.020105 -0.692059 0.001786 0.065259 -0.685333 0.725298
15.233400 -14.109735 -20.007512 -0.773299 -0.001140 0.063669 -0.681668 0.728885
15.266800 -13.952666 -19.992688 -0.847431 -0.004052 0.061978 -0.677977 0.732455
15.300100 -13.796183 -19.975722 -0.913201 -0.006936 0.060193 -0.674280 0.735986
15.333400 -13.639831 -19.956576 -0.970124 -0.009795 0.058309 -0.670567 0.739489
15.366800 -13.483159 -19.935184 -1.017704 -0.012627 0.056332 -0.666827 0.742973
15.400100 -13.327122 -19.911676 -1.055136 -0.015417 0.054267 -0.663080 0.746419
15.433400 -13.171268 -19.885995 -1.082169 -0.018171 0.052113 -0.659316 0.749838
15.466800 -13.015148 -19.858056 -1.098539 -0.020886 0.049870 -0.655523 0.753237
15.500100 -12.859712 -19.828029 -1.103969 -0.023548 0.047550 -0.651723 0.756599
15.533400 -12.704510 -19.795839 -1.098466 -0.026161 0.045149 -0.647903 0.759933
15.566800 -12.549094 -19.761380 -1.082023 -0.028725 0.042667 -0.644054 0.763249
15.600100 -12.394412 -19.724864 -1.054919 -0.031224 0.040119 -0.640197 0.766527
15.633400 -12.240015 -19.686196 -1.017418 -0.033663 0.037500 -0.636318 0.769779
15.666800 -12.085458 -19.645252 -0.969772 -0.036044 0.034808 -0.632408 0.773013
15.700100 -11.931683 -19.602283 -0.912787 -0.038349 0.032061 -0.628490 0.776210
15.733400 -11.778244 -19.557172 -0.846960 -0.040585 0.029255 -0.624548 0.779382
15.766800 -11.624698 -19.509783 -0.772774 -0.042752 0.026386 -0.620575 0.782536
15.800100 -11.471982 -19.460404 -0.691487 -0.044836 0.023474 -0.616591 0.785655
15.833400 -11.319652 -19.408900 -0.603776 -0.046841 0.020515 -0.612584 0.788749
15.866800 -11.167268 -19.355112 -0.510314 -0.048768 0.017504 -0.608544 0.791827
15.900100 -11.015762 -19.299368 -0.412681 -0.050605 0.014464 -0.604493 0.794870
15.933400 -10.864691 -19.241517 -0.311673 -0.052355 0.011388 -0.600417 0.797890
15.966800 -10.713621 -19.181384 -0.208082 -0.054020 0.008273 -0.596307 0.800894
16.000100 -10.563472 -19.119336 -0.103661 -0.055589 0.005142 -0.592185 0.803866
16.033400 -10.413809 -19.055201 0.000757 -0.057065 0.001988 -0.588039 0.806814
16.066800 -10.264201 -18.988784 0.104336 -0.058450 -0.001192 -0.583857 0.809749
16.100100 -10.115560 -18.920490 0.205324 -0.059733 -0.004375 -0.579664 0.812652
16.133400 -9.967453 -18.850132 0.302930 -0.060919 -0.007568 -0.575446 0.815533
16.166800 -9.819455 -18.777495 0.396359 -0.062009 -0.010772 -0.571191 0.818401
16.200100 -9.672467 -18.703024 0.484030 -0.062994 -0.013967 -0.566925 0.821239
16.233400 -9.526063 -18.626510 0.565272 -0.063878 -0.017156 -0.562633 0.824056
16.266800 -9.379821 -18.547724 0.639407 -0.064661 -0.020344 -0.558305 0.826862
16.300100 -9.234632 -18.467148 0.705181 -0.065339 -0.023509 -0.553966 0.829638
16.333400 -9.090074 -18.384556 0.762108 -0.065914 -0.026656 -0.549602 0.832395
16.366800 -8.945733 -18.299700 0.809692 -0.066385 -0.029787 -0.545202 0.835141
16.400100 -8.802486 -18.213099 0.847129 -0.066751 -0.032881 -0.540791 0.837859
16.433400 -8.659918 -18.124509 0.874167 -0.067013 -0.035943 -0.536356 0.840559
16.466800 -8.517619 -18.033666 0.890541 -0.067170 -0.038976 -0.531885 0.843248
16.500100 -8.376456 -17.941124 0.895976 -0.067223 -0.041959 -0.527403 0.845911
16.533400 -8.236021 -17.846619 0.890478 -0.067173 -0.044897 -0.522899 0.848557
16.566800 -8.095905 -17.749878 0.874040 -0.067018 -0.047792 -0.518360 0.851192
16.600100 -7.956966 -17.651488 0.846942 -0.066763 -0.050625 -0.513811 0.853802
16.633400 -7.818797 -17.551171 0.809446 -0.066407 -0.053403 -0.509241 0.856394
16.666800 -7.681004 -17.448627 0.761805 -0.065949 -0.056123 -0.504637 0.858978
16.700100 -7.544424 -17.344486 0.704826 -0.065393 -0.058769 -0.500026 0.861536
16.733400 -7.408661 -17.238451 0.639003 -0.064740 -0.061347 -0.495394 0.864078
16.766800 -7.273324 -17.130209 0.564823 -0.063987 -0.063856 -0.490729 0.866610
16.800100 -7.139240 -17.020418 0.483540 -0.063143 -0.066280 -0.486059 0.869118
16.833400 -7.006017 -16.908768 0.395832 -0.062207 -0.068627 -0.481370 0.871610
16.866800 -6.873272 -16.794931 0.302372 -0.061175 -0.070890 -0.476650 0.874092
16.900100 -6.741816 -16.679599 0.204740 -0.060057 -0.073060 -0.471927 0.876550
16.933400 -6.611264 -16.562445 0.103732 -0.058855 -0.075142 -0.467186 0.878992
16.966800 -6.481241 -16.443127 0.000139 -0.057561 -0.077130 -0.462416 0.881425
17.000100 -6.352543 -16.322367 -0.104287 -0.056191 -0.079017 -0.457645 0.883833
17.033400 -6.224792 -16.199824 -0.208710 -0.054741 -0.080806 -0.452858 0.886224
17.066700 -6.098002 -16.075514 -0.311987 -0.053215 -0.082491 -0.448057 0.888599
17.100100 -5.971809 -15.949069 -0.413286 -0.051607 -0.084072 -0.443230 0.890963
17.133400 -5.846982 -15.821262 -0.510895 -0.049933 -0.085541 -0.438405 0.893303
17.166700 -5.723157 -15.691729 -0.604054 -0.048192 -0.086901 -0.433567 0.895626
17.200100 -5.599983 -15.560084 -0.691998 -0.046378 -0.088151 -0.428704 0.897937
17.233400 -5.478205 -15.427137 -0.773240 -0.044508 -0.089282 -0.423846 0.900223
17.266700 -5.357469 -15.292506 -0.847164 -0.042579 -0.090298 -0.418977 0.902492
17.300100 -5.237430 -15.155797 -0.913146 -0.040587 -0.091197 -0.414086 0.904748
17.333400 -5.118821 -15.017840 -0.970070 -0.038549 -0.091974 -0.409201 0.906978
17.366700 -5.001295 -14.878243 -1.017525 -0.036461 -0.092631 -0.404307 0.909190
17.400100 -4.884512 -14.736600 -1.055087 -0.034322 -0.093166 -0.399393 0.911387
17.433400 -4.769188 -14.593772 -1.082122 -0.032146 -0.093577 -0.394487 0.913559
17.466700 -4.654985 -14.449349 -1.098461 -0.029932 -0.093864 -0.389575 0.915710
17.500100 -4.541574 -14.302913 -1.103927 -0.027676 -0.094026 -0.384644 0.917846
17.533400 -4.429654 -14.155348 -1.098426 -0.025396 -0.094063 -0.379723 0.919955
17.566700 -4.318890 -14.006239 -1.082051 -0.023087 -0.093973 -0.374798 0.922043
17.600100 -4.208964 -13.855152 -1.054884 -0.020749 -0.093759 -0.369855 0.924114
17.633400 -4.100550 -13.703006 -1.017384 -0.018398 -0.093418 -0.364925 0.926156
17.666700 -3.993331 -13.549361 -0.969898 -0.016029 -0.092950 -0.359991 0.928175
17.700100 -3.886997 -13.393775 -0.912759 -0.013643 -0.092358 -0.355042 0.930177
17.733400 -3.782202 -13.237189 -0.846934 -0.011255 -0.091641 -0.350106 0.932149
17.766700 -3.678639 -13.079156 -0.772986 -0.008861 -0.090799 -0.345168 0.934096
17.800100 -3.576003 -12.919222 -0.691469 -0.006461 -0.089835 -0.340216 0.936024
17.833400 -3.474925 -12.758357 -0.603762 -0.004072 -0.088749 -0.335279 0.937921
17.866700 -3.375115 -12.596095 -0.510588 -0.001687 -0.087540 -0.330340 0.939792
17.900100 -3.276275 -12.431974 -0.412672 0.000691 -0.086212 -0.325388 0.941642
17.933400 -3.179016 -12.266988 -0.311667 0.003047 -0.084768 -0.320451 0.943460
17.966700 -3.083057 -12.100659 -0.208389 0.005388 -0.083205 -0.315514 0.945251
18.000100 -2.988113 -11.932511 -0.103656 0.007710 -0.081528 -0.310564 0.947018
18.033400 -2.894769 -11.763565 0.000761 0.009999 -0.079742 -0.305630 0.948753
18.066700 -2.802756 -11.593332 0.104036 0.012262 -0.077841 -0.300696 0.950459
18.100100 -2.711800 -11.421325 0.205335 0.014494 -0.075833 -0.295749 0.952141
18.133400 -2.622465 -11.248585 0.302945 0.016684 -0.073724 -0.290818 0.953788
18.166700 -2.534486 -11.074619 0.396107 0.018834 -0.071510 -0.285887 0.955406
18.200100 -2.447611 -10.898920 0.484057 0.020945 -0.069194 -0.280943 0.956998
18.233400 -2.362370 -10.722558 0.565305 0.023003 -0.066784 -0.276015 0.958554
18.266700 -2.278519 -10.545025 0.639234 0.025013 -0.064278 -0.271087 0.960081
18.300100 -2.195808 -10.365809 0.705221 0.026972 -0.061679 -0.266145 0.961579
18.333400 -2.114750 -10.185997 0.762150 0.028869 -0.059000 -0.261218 0.963042
18.366700 -2.035106 -10.005074 0.809607 0.030708 -0.056235 -0.256291 0.964474
18.400100 -1.956644 -9.822516 0.847173 0.032488 -0.053384 -0.251349 0.965877
18.433400 -1.879848 -9.639433 0.874210 0.034198 -0.050466 -0.246422 0.967244
18.466700 -1.804490 -9.455298 0.890552 0.035840 -0.047472 -0.241493 0.968578
18.500100 -1.730353 -9.269579 0.896020 0.037416 -0.044404 -0.236549 0.969883
18.533400 -1.657893 -9.083405 0.890521 0.038913 -0.041280 -0.231618 0.971151
18.566700 -1.586896 -8.896241 0.874148 0.040337 -0.038094 -0.226684 0.972387
18.600100 -1.517157 -8.707544 0.846984 0.041685 -0.034845 -0.221734 0.973592
18.633400 -1.449105 -8.518463 0.809487 0.042950 -0.031554 -0.216796 0.974761
18.666700 -1.382538 -8.328455 0.762002 0.044135 -0.028213 -0.211854 0.975896
18.700100 -1.317267 -8.136966 0.704863 0.045238 -0.024823 -0.206894 0.977002
18.733400 -1.253689 -7.945165 0.639037 0.046253 -0.021403 -0.201945 0.978070
18.766700 -1.191620 -7.752499 0.565085 0.047183 -0.017949 -0.196991 0.979105
18.800100 -1.130879 -7.558408 0.483564 0.048026 -0.014457 -0.192017 0.980109
18.833400 -1.071841 -7.364076 0.395852 0.048778 -0.010951 -0.187052 0.981077
18.866700 -1.014329 -7.168942 0.302677 0.049440 -0.007426 -0.182082 0.982012
18.900100 -0.958184 -6.972439 0.204757 0.050012 -0.003875 -0.177089 0.982916
18.933400 -0.903741 -6.775767 0.103751 0.050491 -0.000325 -0.172105 0.983784
18.966700 -0.850846 -6.578358 0.000474 0.050878 0.003230 -0.167113 0.984619
19.000100 -0.799343 -6.379639 -0.104258 0.051172 0.006795 -0.162099 0.985423
19.033400 -0.749550 -6.180822 -0.208674 0.051373 0.010345 -0.157091 0.986193
19.066700 -0.701322 -5.981332 -0.311944 0.051480 0.013885 -0.152074 0.986930
19.100100 -0.654526 -5.780588 -0.413239 0.051495 0.017422 -0.147033 0.987637
19.133400 -0.609434 -5.579821 -0.510843 0.051417 0.020929 -0.141997 0.988309
19.166700 -0.565921 -5.378448 -0.603999 0.051246 0.024412 -0.136952 0.988950
19.200100 -0.523860 -5.175885 -0.691942 0.050982 0.027876 -0.131881 0.989561
19.233400 -0.483510 -4.973367 -0.773183 0.050627 0.031297 -0.126816 0.990139
19.266700 -0.444754 -4.770308 -0.847108 0.050182 0.034680 -0.121739 0.990686
19.300000 -0.407593 -4.566732 -0.912908 0.049647 0.038019 -0.116652 0.991202
19.333400 -0.371919 -4.362050 -0.970020 0.049021 0.041320 -0.111537 0.991690
19.366700 -0.337956 -4.157508 -1.017478 0.048311 0.044561 -0.106427 0.992146
19.400000 -0.305603 -3.952514 -1.054948 0.047514 0.047746 -0.101305 0.992572
19.433400 -0.274762 -3.746478 -1.082083 0.046630 0.050878 -0.096155 0.992971
19.466700 -0.245639 -3.540650 -1.098427 0.045666 0.053938 -0.091009 0.993339
19.500000 -0.218129 -3.334440 -1.103895 0.044621 0.056930 -0.085852 0.993679
19.533400 -0.192153 -3.127252 -1.098397 0.043493 0.059855 -0.080667 0.993991
19.566700 -0.167877 -2.920348 -1.082025 0.042292 0.062694 -0.075485 0.994275
19.600000 -0.145234 -2.713127 -1.054960 0.041016 0.065455 -0.070292 0.994531
19.633400 -0.124147 -2.504993 -1.017368 0.039664 0.068136 -0.065071 0.994761
19.666700 -0.104754 -2.297213 -0.969885 0.038245 0.070722 -0.059855 0.994964
19.700000 -0.086999 -2.089185 -0.912935 0.036759 0.073218 -0.054627 0.995140
19.733400 -0.070821 -1.880310 -0.846929 0.035203 0.075622 -0.049372 0.995291
19.766700 -0.056330 -1.671860 -0.772984 0.033590 0.077922 -0.044122 0.995416
19.800000 -0.043481 -1.463231 -0.691723 0.031917 0.080124 -0.038862 0.995516
19.833400 -0.032334 -1.254204 -0.603751 0.030186 0.082225 -0.033576 0.995591
19.866700 -0.022759 -1.045302 -0.510578 0.028403 0.084211 -0.028295 0.995641
19.900000 -0.014821 -0.836291 -0.412957 0.026570 0.086091 -0.023006 0.995667
19.933400 -0.008507 -0.626566 -0.311650 0.024683 0.087857 -0.017691 0.995670
19.966700 -0.003858 -0.417404 -0.208369 0.022758 0.089507 -0.012384 0.995649
